1 1
94, 96, 97, 103, 1 15, 126, 127, 130, 131, 136, 144
Contrast 59, 80, 82, 88,
100
Dance 42,83,99,
1 129, 136, 137, 138
Dramatic 67, 97, 1 15, 18, 126,
31-33, 109, 1 124
Elements 20, 21, 35, 37, 57, 58, 62, 82, 83, 12,
43-45, 101
Graphic Expression 48, 63, 64, 68, 74, 99,
46-50, 1
Graphics 21, 32, 53, 109, 10
112
Etching 46,48, 109, III,
112
Lithography 46,49, 109, III,
Material 48, 1 1
Tools 48-50, 1 1
Woodcut 46,48, 109, 110, III, 112
Left 1 16, 1 19, 120, 121, 122, 124, 125, 136, 141
Line 29,57-112, 129
Angular 68-78, 8 , 84, 9 , 94, 96
1 1
Boundary 91
Combined 92
Complex
93-97,115,78,85
79-8 , 9 1 , 1 139
Curved 84, 90, , 94, 95, 96, 1 34,
1 1
Diagonal 59, 65, 75, 125, 128, 142
Free 61,78,106,134
Horizontal 58, 65, 67, 75, 98, 99, 100, 107, 1 15, 133, 142
Straight 57-67, 79, 80, 82, 90, 9 , 94, 95, 1 1 , 139
1
Temperature 59, 60, 63, 67, 70-72, 73
Vertical 59, 65, 75, 98, 100, 107, 1 15, 133, 142
Wave-like 85-88, 139
Lyric 67,97, 129, 136, 137, 138
Method 21,76,83,129
Music 1 34, 43, 68, 83, 93, 95, 98, 99, 1 1
8,
Nature 34, 38, 39, 83, 103, 109, 1 10
Numerical Expression 29, 30, 92, 93, 101, 104, 145