Natur 28, 32, 33, 77, 97, 103, 104 
Oben 110, 111, 114, 115, 116, S21, 129, 132, 135 
Parallele 97, 114, 124, 125, 130 
Plastik 34, 62, 77, 94, 104 
Punkt 15, 19-47, 51, 54, 62, 72, 84 85, 93, 97, 99, 101, 103,. 
(
106, 118, 136, 139 
— / · 
•RptrrifF OO. ort 9fi 
Begriff 22, 23, 26 
Form 23, 24, 25 
geometrischer 19, 32, 33 
Größe 23, 24 
und Linie 23 
auf Fläche 30 
Rechts 110, 113, 114, 115, 116, 128, 129, 130, 135 
Spannung 
21, 26, 27, 47, 52, 56, 59, 73, 74, 86, 106, 109, 112, 
115, 117, 120, 130, 131, 136, 137, 139 
Synthese 15, 61, 62, 77, 93, 97, 115, 137, 140 
Tanz 36, 77, 93, 94 
Technik 40, 95, 105 
Unten 110, 111, 114, 115, 116, 121, 129, 135 
Übersetzung 36-39, 62, 85, 92, 93, 94 
Verschiebung 61 
Wärm e 53, 94, 109, 113, 124, 133 
Wiederholung 88, 89, 132 
Winkel 53, 63, 73, 114, 117, 134, 135 
freier 63, 72 
rechter 63, 64, 65, 66, 68, 72, 114 
 53>
spitzer 63, 65, 68, 72, 134 
stumpfer 63, 66 68, 72, 134 
s
Zahlenausdruck 23, 24, 86, 87, 95, 98, 139 
Zeit 28, 29, 92, 139 
Zwec k (Ziel) 12, 15, 22, 24, 31, 32, 42, 46, 87, 103, 127, 139 
j * 
3