Lithographie 40, 43, 103, 105, 106 
Material 42, 105 
Radierung 40, 42, 103, 105, 106 
Werkzeug 42-44, 105 
Graphischer Ausdruck 37-39, 57, 58, 62, 68, 93, 95 
Kälte 52, 94, 109, 124, 133 
Klang 22, 24, 25, 31, 53, 64, 66, 77, 83, 105, 109, 110, 133 
Ein- 30, 31, 60 
Doppel- (Zwei ) 22, 24, 26, 30-32, 109, 128 
Drei- 65 
Mehr- 30, 31, 60, 128, 133 
Ur- 59 
Komposition 27, 28, 30-32, 60, 84, 86, 87, 91, 94, 97, 117, 125, 
. 126 
Lehre 12, 29, 56, 77, 81, 85, 87, 92, 102, 116, 118, 120, 1: 
120, 138 
Kunstgeschichte 13, 126 
Wissenschaft 12-14, 20, 22, 29, 61, 70, 93, 123 
Linie 23, 51-106, 123 
Diagonale 53, 59, 69, 119, 122, 136 
Eckige 62-72, 75, 78, 85, 88, 90 
Freie 55, 72, 100, 128 
133 
Gebogene 73-75, 78, 84, 85, 88, 89, 90, 95, 128, 133 
Gerade 51-61, 73, 7413 3 ,95 133  ,89 ,88 ,85 ,84 ,76 
Grenzen 85 
Horizontale 52, 59, 61, 69, 92, 93, 94, 101, 109, 127, 136 
Kombinierte 86 
Komplexe 87-91, 99 
Komplizierte 72, 79 
Temperatur 53, 54, 57, 61, 64-66, 67 
9 9 — 9 — - 9 9 
Vertikale 53, 59, 69, 92, 94, 101, 109, 
53, 59, 69, 92, 94, 101, 109, 127, 136 
Wellenartige 79-82, 133 
79-82, 133 
Links 
110, 113, 114, 115, 116, 128, 129, 130, 135 
Lyrik 
61, 91, 123, 130, 131, 132 
Malerei 
12, 26, 28, 29, 44, 52, 58, 62, 69, 70, 75, 85, 100, 
102, 104, 119, 126, 127 
Methode 
16, 70, 77, 123 
Musik 12p 28, 37, 62, 77, 87 89, 92, 93, 95 
s