REGISTE R 
Abstrakte Form 24, 27, 100, 102, 104, 119, 120 
Kunst 29, 47, 95, 97, 98, 100, 101, 104, 119, 127 
Analyse 11-13, 15, 62, 77, 93, 94, 102 
Architektur 12, 34, 77, 87, 94, 100, 104 
Aufbau 12, 31, 100, 101, 103, 120, 123, 125, 131 
azentraler 31, 126, 132 
exzentrischer 55, 101, 102, 127, 132 
zentraler 30, 55, 101, 102, 126, 131, 132 
Dichtung 77, 87, 95 
Dramatik 61, 91, 109, 111, 112, 120, 123, 130, 131, 132 
Elemente 14, 15, 25-27, 29, 31, 51, 52, 56, 76, 77, 103, 106, 118 
Faktur 44-46, 137, 138 
Farbe 13, 52, 56, 66, 67, 69, 76, 85, 92, 93, 100,105,106,118 
Blau 52, 56, 66-69, 76 
Gelb 52, 56, 66-69, 76 
ün . fi<» 
Grau 59, 69 
Grün 59, 69 
Orange 68 
Rot 59, 66. 68, 69, 118 
Schwarz 56, 57, 68, 69, 70, 93 
Violett 68 
OĎ 
Weiß 
56, 57, 69, 70, 93 
12, 23, 24, 26, 34, 54, 55, 76, 78, 79, 84, 88,103,104, 
Fläche 
123, 130, 139 
Grund-
vjiuiiu- 22, 23, 29, 30, 32, 44, 85, 109-140 
Dreieck 25, 66, 68, 76, 136 
Kreis 24, 26, 54, 67, 68, 69, 75, 76, 78, 118, 135, 136, 137 
Quadrat 25, 26, 30, 56, 64, 68, 109, 117, 118, 136 
Gegensatz 53, 74, 76, 82, 88, 90, 91, 97, 109, 120, 121, 124, 125, 
130, 138 
Gewicht 88, 111, 112, 113, 114, 121, 122, 133 
Graphik 15, 26, 40-43, 47, 103, 104 
Holzschnitt 40, 42, 103, 104, 105, 106 
Kandinsky. I3 