18, 32, 34, 35, 50, 58, 64, 68, 75, 76, 81,91, 106, 108, 1 10, 125,
Painting
132, 133
Parallel 103, 120, 130, 131, 136
1 6 , 82. 84, 1 1 1 1 1
Plane 8, 29, 30, 32, 40, 60, 1 85, 90, 94, 09, 0, 29, 36,
145
115-146
Basic 28,29,35,36,38,50,91,
124, 141, 142, 143
Circle 30, 32, 60, 73, 74, 75, 81, 82, 84,
1 124, 142
Square 31, 32, 36, 62, 70, 74, 15, 123,
142
Triangle 31,72,74,82,
Poetry 83,93, 101
25-54, 103, 109, 1 124
Point 21, 57, 60, 68, 78, 90, 91, 99, 105, 107, 12,
145
142,
and Line 29
32
Conception 28, 29,
Form 29,30,31
Geometric 15,38,39
on Plane 36
Size 29,30
Purpose (Goal) 18,21,28,30,37,38,48,52,93, 109, 133, 145
Repetition 94,95, 138
Right 116, 119, 120, 121, 122, 134, 135, 136, 141
Sculpture 40,68,83, 100, 110
Sound 28,30,31,47,59,70,72,83,89, III, 115, 116, 139
Double (Two) 28,30,32,36-38, 115, 133
Multi- 36,37,66, 134, 139
One 66
36, 37,
Proto- 65
Three 71
Structure 126, 137
18,37, 106, 107, 109, 129, 131,
Acentric 138
37, 132,
Centric 139
36,61, 107, 108, 132, 137,
Eccentric 138
61, 107, 108, 133,