INDEX
Above 116, 117, 120, 121, 122, 127, 135, 138, 141
Abstract Art 35,53, 101, 103, 106, 107, 110, 125, 133
Abstract Form 30,33, 106, 108, 110, 125, 126
Analysis 17-19,21,68,83,99, 100, 108
Angles 59,69,79, 120, 123, 140, 141
Acute 69.71,74,78, 140
Free 69,78
Obtuse 69, 72, 74, 78, 140
Right 59,69,70,71,72,74,78, 120
Architecture
18,40,83,93, 100, 106, 110
Art, History
of 19, 132
Art, Science
of 18-20,26,35,67,76,99, 129
Below
116, 117, 120, 121, 122, 127, 135, 141
Cold
58, 100, 115, 130, 139
Collision
67
Colour
19, 58, 62, 72, 73, 75, 82, 91, 98, 99, 106, 111,1 12, 124
Black
62, 63, 64, 65, 76, 99
Blue 58, 62, 72-75, 82
Green 65,75
Grey 65,75
Orange 74
Red 65,72,74,75, 124
Violet 74
White 62, 63, 75, 76, 99
Yellow
58, 62, 72-75, 82
Composition
33, 34, 36-38, 66, 90, 92, 93, 97, 100, 103, 123, 132
Theory
18, 35, 62, 83, 87, 91, 93, 98, 108, 122, 124, 126, 144